Phoneme1	Phoneme2	Difference	Max/Dep	BeIdentical	Sonority	Continuant	Place	Backness	Stridency	Rounding	Voicing	Nasality	Lateral	Tense	Tone	Syllabic
			 45.43	 2.17 	 0.36 	 0.31 	 0.27 	 0.95 	 1.78 	 0.07 	 1.23 	 1.28 	 0.62 	 1.34 	 0.25 	 12.17 
GAP	GAP	 0	 0	 0	 0	 0	 0	 0	 0	 0	 0	 0	 0	 0	 0	 0
GAP	u	 45.43	 1	 0	 0	 0	 0	 0	 0	 0	 0	 0	 0	 0	 0	 0
GAP	l	 45.43	 1	 0	 0	 0	 0	 0	 0	 0	 0	 0	 0	 0	 0	 0
GAP	t	 45.43	 1	 0	 0	 0	 0	 0	 0	 0	 0	 0	 0	 0	 0	 0
GAP	i	 45.43	 1	 0	 0	 0	 0	 0	 0	 0	 0	 0	 0	 0	 0	 0
GAP	m	 45.43	 1	 0	 0	 0	 0	 0	 0	 0	 0	 0	 0	 0	 0	 0
GAP	s	 45.43	 1	 0	 0	 0	 0	 0	 0	 0	 0	 0	 0	 0	 0	 0
GAP	^	 45.43	 1	 0	 0	 0	 0	 0	 0	 0	 0	 0	 0	 0	 0	 0
GAP	b	 45.43	 1	 0	 0	 0	 0	 0	 0	 0	 0	 0	 0	 0	 0	 0
GAP	o	 45.43	 1	 0	 0	 0	 0	 0	 0	 0	 0	 0	 0	 0	 0	 0
GAP	n	 45.43	 1	 0	 0	 0	 0	 0	 0	 0	 0	 0	 0	 0	 0	 0
GAP	p	 45.43	 1	 0	 0	 0	 0	 0	 0	 0	 0	 0	 0	 0	 0	 0
GAP	e	 45.43	 1	 0	 0	 0	 0	 0	 0	 0	 0	 0	 0	 0	 0	 0
GAP	a	 45.43	 1	 0	 0	 0	 0	 0	 0	 0	 0	 0	 0	 0	 0	 0
GAP	k	 45.43	 1	 0	 0	 0	 0	 0	 0	 0	 0	 0	 0	 0	 0	 0
GAP	r	 45.43	 1	 0	 0	 0	 0	 0	 0	 0	 0	 0	 0	 0	 0	 0
GAP	d	 45.43	 1	 0	 0	 0	 0	 0	 0	 0	 0	 0	 0	 0	 0	 0
GAP	g	 45.43	 1	 0	 0	 0	 0	 0	 0	 0	 0	 0	 0	 0	 0	 0
GAP	f	 45.43	 1	 0	 0	 0	 0	 0	 0	 0	 0	 0	 0	 0	 0	 0
GAP	ng	 45.43	 1	 0	 0	 0	 0	 0	 0	 0	 0	 0	 0	 0	 0	 0
GAP	O	 45.43	 1	 0	 0	 0	 0	 0	 0	 0	 0	 0	 0	 0	 0	 0
GAP	z	 45.43	 1	 0	 0	 0	 0	 0	 0	 0	 0	 0	 0	 0	 0	 0
GAP	ly	 45.43	 1	 0	 0	 0	 0	 0	 0	 0	 0	 0	 0	 0	 0	 0
GAP	ch	 45.43	 1	 0	 0	 0	 0	 0	 0	 0	 0	 0	 0	 0	 0	 0
GAP	dzh	 45.43	 1	 0	 0	 0	 0	 0	 0	 0	 0	 0	 0	 0	 0	 0
GAP	zh	 45.43	 1	 0	 0	 0	 0	 0	 0	 0	 0	 0	 0	 0	 0	 0
GAP	sh	 45.43	 1	 0	 0	 0	 0	 0	 0	 0	 0	 0	 0	 0	 0	 0
u	GAP	 45.43	 1	 0	 0	 0	 0	 0	 0	 0	 0	 0	 0	 0	 0	 0
u	u	 0	 0	 0	 0	 0	 0	 0	 0	 0	 0	 0	 0	 0	 0	 0
u	l	 16.99	 0	 1	 3	 0	 0	 1	 0	 0	 0	 0	 1	 0	 0	 1
u	t	 18.32	 0	 1	 5	 0	 0	 1	 0	 0	 1	 0	 0	 0	 0	 1
u	i	 4.14	 0	 1	 0	 0	 0	 2	 0	 1	 0	 0	 0	 0	 0	 0
u	m	 18.01	 0	 1	 4	 0	 0	 1	 0	 0	 0	 1	 0	 0	 0	 1
u	s	 20.1	 0	 1	 5	 0	 0	 1	 1	 0	 1	 0	 0	 0	 0	 1
u	^	 3.94	 0	 1	 1	 0	 0	 0	 0	 1	 0	 0	 0	 1	 0	 0
u	b	 17.09	 0	 1	 5	 0	 0	 1	 0	 0	 0	 0	 0	 0	 0	 1
u	o	 2.53	 0	 1	 1	 0	 0	 0	 0	 0	 0	 0	 0	 0	 0	 0
u	n	 18.01	 0	 1	 4	 0	 0	 1	 0	 0	 0	 1	 0	 0	 0	 1
u	p	 18.32	 0	 1	 5	 0	 0	 1	 0	 0	 1	 0	 0	 0	 0	 1
u	e	 4.5	 0	 1	 1	 0	 0	 2	 0	 1	 0	 0	 0	 0	 0	 0
u	a	 4.3	 0	 1	 2	 0	 0	 0	 0	 1	 0	 0	 0	 1	 0	 0
u	k	 18.32	 0	 1	 5	 0	 0	 1	 0	 0	 1	 0	 0	 0	 0	 1
u	r	 16.01	 0	 1	 2	 0	 0	 1	 0	 0	 0	 0	 0	 0	 0	 1
u	d	 17.09	 0	 1	 5	 0	 0	 1	 0	 0	 0	 0	 0	 0	 0	 1
u	g	 17.09	 0	 1	 5	 0	 0	 1	 0	 0	 0	 0	 0	 0	 0	 1
u	f	 18.32	 0	 1	 5	 0	 0	 1	 0	 0	 1	 0	 0	 0	 0	 1
u	ng	 18.01	 0	 1	 4	 0	 0	 1	 0	 0	 0	 1	 0	 0	 0	 1
u	O	 3.87	 0	 1	 1	 0	 0	 0	 0	 0	 0	 0	 0	 1	 0	 0
u	z	 18.87	 0	 1	 5	 0	 0	 1	 1	 0	 0	 0	 0	 0	 0	 1
u	ly	 16.99	 0	 1	 3	 0	 0	 1	 0	 0	 0	 0	 1	 0	 0	 1
u	ch	 20.1	 0	 1	 5	 0	 0	 1	 1	 0	 1	 0	 0	 0	 0	 1
u	dzh	 18.87	 0	 1	 5	 0	 0	 1	 1	 0	 0	 0	 0	 0	 0	 1
u	zh	 18.87	 0	 1	 5	 0	 0	 1	 1	 0	 0	 0	 0	 0	 0	 1
u	sh	 20.1	 0	 1	 5	 0	 0	 1	 1	 0	 1	 0	 0	 0	 0	 1
l	GAP	 45.43	 1	 0	 0	 0	 0	 0	 0	 0	 0	 0	 0	 0	 0	 0
l	u	 16.99	 0	 1	 3	 0	 0	 1	 0	 0	 0	 0	 1	 0	 0	 1
l	l	 0	 0	 0	 0	 0	 0	 0	 0	 0	 0	 0	 0	 0	 0	 0
l	t	 5.05	 0	 1	 2	 1	 0	 0	 0	 0	 1	 0	 1	 0	 0	 0
l	i	 16.99	 0	 1	 3	 0	 0	 1	 0	 0	 0	 0	 1	 0	 0	 1
l	m	 5.01	 0	 1	 1	 1	 1	 0	 0	 0	 0	 1	 1	 0	 0	 0
l	s	 6.52	 0	 1	 2	 0	 0	 0	 1	 0	 1	 0	 1	 0	 0	 0
l	^	 17.35	 0	 1	 4	 0	 0	 1	 0	 0	 0	 0	 1	 0	 0	 1
l	b	 4.09	 0	 1	 2	 1	 1	 0	 0	 0	 0	 0	 1	 0	 0	 0
l	o	 17.35	 0	 1	 4	 0	 0	 1	 0	 0	 0	 0	 1	 0	 0	 1
l	n	 4.74	 0	 1	 1	 1	 0	 0	 0	 0	 0	 1	 1	 0	 0	 0
l	p	 5.32	 0	 1	 2	 1	 1	 0	 0	 0	 1	 0	 1	 0	 0	 0
l	e	 17.35	 0	 1	 4	 0	 0	 1	 0	 0	 0	 0	 1	 0	 0	 1
l	a	 17.71	 0	 1	 5	 0	 0	 1	 0	 0	 0	 0	 1	 0	 0	 1
l	k	 5.32	 0	 1	 2	 1	 1	 0	 0	 0	 1	 0	 1	 0	 0	 0
l	r	 3.15	 0	 1	 1	 0	 0	 0	 0	 0	 0	 0	 1	 0	 0	 0
l	d	 3.82	 0	 1	 2	 1	 0	 0	 0	 0	 0	 0	 1	 0	 0	 0
l	g	 4.09	 0	 1	 2	 1	 1	 0	 0	 0	 0	 0	 1	 0	 0	 0
l	f	 5.01	 0	 1	 2	 0	 1	 0	 0	 0	 1	 0	 1	 0	 0	 0
l	ng	 5.01	 0	 1	 1	 1	 1	 0	 0	 0	 0	 1	 1	 0	 0	 0
l	O	 17.35	 0	 1	 4	 0	 0	 1	 0	 0	 0	 0	 1	 0	 0	 1
l	z	 5.29	 0	 1	 2	 0	 0	 0	 1	 0	 0	 0	 1	 0	 0	 0
l	ly	 2.44	 0	 1	 0	 0	 1	 0	 0	 0	 0	 0	 0	 0	 0	 0
l	ch	 7.1	 0	 1	 2	 1	 1	 0	 1	 0	 1	 0	 1	 0	 0	 0
l	dzh	 5.87	 0	 1	 2	 1	 1	 0	 1	 0	 0	 0	 1	 0	 0	 0
l	zh	 5.56	 0	 1	 2	 0	 1	 0	 1	 0	 0	 0	 1	 0	 0	 0
l	sh	 6.79	 0	 1	 2	 0	 1	 0	 1	 0	 1	 0	 1	 0	 0	 0
t	GAP	 45.43	 1	 0	 0	 0	 0	 0	 0	 0	 0	 0	 0	 0	 0	 0
t	u	 18.32	 0	 1	 5	 0	 0	 1	 0	 0	 1	 0	 0	 0	 0	 1
t	l	 5.05	 0	 1	 2	 1	 0	 0	 0	 0	 1	 0	 1	 0	 0	 0
t	t	 0	 0	 0	 0	 0	 0	 0	 0	 0	 0	 0	 0	 0	 0	 0
t	i	 18.32	 0	 1	 5	 0	 0	 1	 0	 0	 1	 0	 0	 0	 0	 1
t	m	 5.31	 0	 1	 1	 0	 1	 0	 0	 0	 1	 1	 0	 0	 0	 0
t	s	 4.26	 0	 1	 0	 1	 0	 0	 1	 0	 0	 0	 0	 0	 0	 0
t	^	 18.68	 0	 1	 6	 0	 0	 1	 0	 0	 1	 0	 0	 0	 0	 1
t	b	 3.67	 0	 1	 0	 0	 1	 0	 0	 0	 1	 0	 0	 0	 0	 0
t	o	 18.68	 0	 1	 6	 0	 0	 1	 0	 0	 1	 0	 0	 0	 0	 1
t	n	 5.04	 0	 1	 1	 0	 0	 0	 0	 0	 1	 1	 0	 0	 0	 0
t	p	 2.44	 0	 1	 0	 0	 1	 0	 0	 0	 0	 0	 0	 0	 0	 0
t	e	 18.68	 0	 1	 6	 0	 0	 1	 0	 0	 1	 0	 0	 0	 0	 1
t	a	 19.04	 0	 1	 7	 0	 0	 1	 0	 0	 1	 0	 0	 0	 0	 1
t	k	 2.44	 0	 1	 0	 0	 1	 0	 0	 0	 0	 0	 0	 0	 0	 0
t	r	 4.79	 0	 1	 3	 1	 0	 0	 0	 0	 1	 0	 0	 0	 0	 0
t	d	 3.4	 0	 1	 0	 0	 0	 0	 0	 0	 1	 0	 0	 0	 0	 0
t	g	 3.67	 0	 1	 0	 0	 1	 0	 0	 0	 1	 0	 0	 0	 0	 0
t	f	 2.75	 0	 1	 0	 1	 1	 0	 0	 0	 0	 0	 0	 0	 0	 0
t	ng	 5.31	 0	 1	 1	 0	 1	 0	 0	 0	 1	 1	 0	 0	 0	 0
t	O	 18.68	 0	 1	 6	 0	 0	 1	 0	 0	 1	 0	 0	 0	 0	 1
t	z	 5.49	 0	 1	 0	 1	 0	 0	 1	 0	 1	 0	 0	 0	 0	 0
t	ly	 5.32	 0	 1	 2	 1	 1	 0	 0	 0	 1	 0	 1	 0	 0	 0
t	ch	 4.22	 0	 1	 0	 0	 1	 0	 1	 0	 0	 0	 0	 0	 0	 0
t	dzh	 5.45	 0	 1	 0	 0	 1	 0	 1	 0	 1	 0	 0	 0	 0	 0
t	zh	 5.76	 0	 1	 0	 1	 1	 0	 1	 0	 1	 0	 0	 0	 0	 0
t	sh	 4.53	 0	 1	 0	 1	 1	 0	 1	 0	 0	 0	 0	 0	 0	 0
i	GAP	 45.43	 1	 0	 0	 0	 0	 0	 0	 0	 0	 0	 0	 0	 0	 0
i	u	 4.14	 0	 1	 0	 0	 0	 2	 0	 1	 0	 0	 0	 0	 0	 0
i	l	 16.99	 0	 1	 3	 0	 0	 1	 0	 0	 0	 0	 1	 0	 0	 1
i	t	 18.32	 0	 1	 5	 0	 0	 1	 0	 0	 1	 0	 0	 0	 0	 1
i	i	 0	 0	 0	 0	 0	 0	 0	 0	 0	 0	 0	 0	 0	 0	 0
i	m	 18.01	 0	 1	 4	 0	 0	 1	 0	 0	 0	 1	 0	 0	 0	 1
i	s	 20.1	 0	 1	 5	 0	 0	 1	 1	 0	 1	 0	 0	 0	 0	 1
i	^	 5.77	 0	 1	 1	 0	 0	 2	 0	 0	 0	 0	 0	 1	 0	 0
i	b	 17.09	 0	 1	 5	 0	 0	 1	 0	 0	 0	 0	 0	 0	 0	 1
i	o	 4.5	 0	 1	 1	 0	 0	 2	 0	 1	 0	 0	 0	 0	 0	 0
i	n	 18.01	 0	 1	 4	 0	 0	 1	 0	 0	 0	 1	 0	 0	 0	 1
i	p	 18.32	 0	 1	 5	 0	 0	 1	 0	 0	 1	 0	 0	 0	 0	 1
i	e	 2.53	 0	 1	 1	 0	 0	 0	 0	 0	 0	 0	 0	 0	 0	 0
i	a	 6.13	 0	 1	 2	 0	 0	 2	 0	 0	 0	 0	 0	 1	 0	 0
i	k	 18.32	 0	 1	 5	 0	 0	 1	 0	 0	 1	 0	 0	 0	 0	 1
i	r	 16.01	 0	 1	 2	 0	 0	 1	 0	 0	 0	 0	 0	 0	 0	 1
i	d	 17.09	 0	 1	 5	 0	 0	 1	 0	 0	 0	 0	 0	 0	 0	 1
i	g	 17.09	 0	 1	 5	 0	 0	 1	 0	 0	 0	 0	 0	 0	 0	 1
i	f	 18.32	 0	 1	 5	 0	 0	 1	 0	 0	 1	 0	 0	 0	 0	 1
i	ng	 18.01	 0	 1	 4	 0	 0	 1	 0	 0	 0	 1	 0	 0	 0	 1
i	O	 5.84	 0	 1	 1	 0	 0	 2	 0	 1	 0	 0	 0	 1	 0	 0
i	z	 18.87	 0	 1	 5	 0	 0	 1	 1	 0	 0	 0	 0	 0	 0	 1
i	ly	 16.99	 0	 1	 3	 0	 0	 1	 0	 0	 0	 0	 1	 0	 0	 1
i	ch	 20.1	 0	 1	 5	 0	 0	 1	 1	 0	 1	 0	 0	 0	 0	 1
i	dzh	 18.87	 0	 1	 5	 0	 0	 1	 1	 0	 0	 0	 0	 0	 0	 1
i	zh	 18.87	 0	 1	 5	 0	 0	 1	 1	 0	 0	 0	 0	 0	 0	 1
i	sh	 20.1	 0	 1	 5	 0	 0	 1	 1	 0	 1	 0	 0	 0	 0	 1
m	GAP	 45.43	 1	 0	 0	 0	 0	 0	 0	 0	 0	 0	 0	 0	 0	 0
m	u	 18.01	 0	 1	 4	 0	 0	 1	 0	 0	 0	 1	 0	 0	 0	 1
m	l	 5.01	 0	 1	 1	 1	 1	 0	 0	 0	 0	 1	 1	 0	 0	 0
m	t	 5.31	 0	 1	 1	 0	 1	 0	 0	 0	 1	 1	 0	 0	 0	 0
m	i	 18.01	 0	 1	 4	 0	 0	 1	 0	 0	 0	 1	 0	 0	 0	 1
m	m	 0	 0	 0	 0	 0	 0	 0	 0	 0	 0	 0	 0	 0	 0	 0
m	s	 7.4	 0	 1	 1	 1	 1	 0	 1	 0	 1	 1	 0	 0	 0	 0
m	^	 18.37	 0	 1	 5	 0	 0	 1	 0	 0	 0	 1	 0	 0	 0	 1
m	b	 3.81	 0	 1	 1	 0	 0	 0	 0	 0	 0	 1	 0	 0	 0	 0
m	o	 18.37	 0	 1	 5	 0	 0	 1	 0	 0	 0	 1	 0	 0	 0	 1
m	n	 2.44	 0	 1	 0	 0	 1	 0	 0	 0	 0	 0	 0	 0	 0	 0
m	p	 5.04	 0	 1	 1	 0	 0	 0	 0	 0	 1	 1	 0	 0	 0	 0
m	e	 18.37	 0	 1	 5	 0	 0	 1	 0	 0	 0	 1	 0	 0	 0	 1
m	a	 18.73	 0	 1	 6	 0	 0	 1	 0	 0	 0	 1	 0	 0	 0	 1
m	k	 5.31	 0	 1	 1	 0	 1	 0	 0	 0	 1	 1	 0	 0	 0	 0
m	r	 4.75	 0	 1	 2	 1	 1	 0	 0	 0	 0	 1	 0	 0	 0	 0
m	d	 4.08	 0	 1	 1	 0	 1	 0	 0	 0	 0	 1	 0	 0	 0	 0
m	g	 4.08	 0	 1	 1	 0	 1	 0	 0	 0	 0	 1	 0	 0	 0	 0
m	f	 5.62	 0	 1	 1	 1	 1	 0	 0	 0	 1	 1	 0	 0	 0	 0
m	ng	 2.44	 0	 1	 0	 0	 1	 0	 0	 0	 0	 0	 0	 0	 0	 0
m	O	 18.37	 0	 1	 5	 0	 0	 1	 0	 0	 0	 1	 0	 0	 0	 1
m	z	 6.17	 0	 1	 1	 1	 1	 0	 1	 0	 0	 1	 0	 0	 0	 0
m	ly	 5.01	 0	 1	 1	 1	 1	 0	 0	 0	 0	 1	 1	 0	 0	 0
m	ch	 7.09	 0	 1	 1	 0	 1	 0	 1	 0	 1	 1	 0	 0	 0	 0
m	dzh	 5.86	 0	 1	 1	 0	 1	 0	 1	 0	 0	 1	 0	 0	 0	 0
m	zh	 6.17	 0	 1	 1	 1	 1	 0	 1	 0	 0	 1	 0	 0	 0	 0
m	sh	 7.4	 0	 1	 1	 1	 1	 0	 1	 0	 1	 1	 0	 0	 0	 0
s	GAP	 45.43	 1	 0	 0	 0	 0	 0	 0	 0	 0	 0	 0	 0	 0	 0
s	u	 20.1	 0	 1	 5	 0	 0	 1	 1	 0	 1	 0	 0	 0	 0	 1
s	l	 6.52	 0	 1	 2	 0	 0	 0	 1	 0	 1	 0	 1	 0	 0	 0
s	t	 4.26	 0	 1	 0	 1	 0	 0	 1	 0	 0	 0	 0	 0	 0	 0
s	i	 20.1	 0	 1	 5	 0	 0	 1	 1	 0	 1	 0	 0	 0	 0	 1
s	m	 7.4	 0	 1	 1	 1	 1	 0	 1	 0	 1	 1	 0	 0	 0	 0
s	s	 0	 0	 0	 0	 0	 0	 0	 0	 0	 0	 0	 0	 0	 0	 0
s	^	 20.46	 0	 1	 6	 0	 0	 1	 1	 0	 1	 0	 0	 0	 0	 1
s	b	 5.76	 0	 1	 0	 1	 1	 0	 1	 0	 1	 0	 0	 0	 0	 0
s	o	 20.46	 0	 1	 6	 0	 0	 1	 1	 0	 1	 0	 0	 0	 0	 1
s	n	 7.13	 0	 1	 1	 1	 0	 0	 1	 0	 1	 1	 0	 0	 0	 0
s	p	 4.53	 0	 1	 0	 1	 1	 0	 1	 0	 0	 0	 0	 0	 0	 0
s	e	 20.46	 0	 1	 6	 0	 0	 1	 1	 0	 1	 0	 0	 0	 0	 1
s	a	 20.82	 0	 1	 7	 0	 0	 1	 1	 0	 1	 0	 0	 0	 0	 1
s	k	 4.53	 0	 1	 0	 1	 1	 0	 1	 0	 0	 0	 0	 0	 0	 0
s	r	 6.26	 0	 1	 3	 0	 0	 0	 1	 0	 1	 0	 0	 0	 0	 0
s	d	 5.49	 0	 1	 0	 1	 0	 0	 1	 0	 1	 0	 0	 0	 0	 0
s	g	 5.76	 0	 1	 0	 1	 1	 0	 1	 0	 1	 0	 0	 0	 0	 0
s	f	 4.22	 0	 1	 0	 0	 1	 0	 1	 0	 0	 0	 0	 0	 0	 0
s	ng	 7.4	 0	 1	 1	 1	 1	 0	 1	 0	 1	 1	 0	 0	 0	 0
s	O	 20.46	 0	 1	 6	 0	 0	 1	 1	 0	 1	 0	 0	 0	 0	 1
s	z	 3.4	 0	 1	 0	 0	 0	 0	 0	 0	 1	 0	 0	 0	 0	 0
s	ly	 6.79	 0	 1	 2	 0	 1	 0	 1	 0	 1	 0	 1	 0	 0	 0
s	ch	 2.75	 0	 1	 0	 1	 1	 0	 0	 0	 0	 0	 0	 0	 0	 0
s	dzh	 3.98	 0	 1	 0	 1	 1	 0	 0	 0	 1	 0	 0	 0	 0	 0
s	zh	 3.67	 0	 1	 0	 0	 1	 0	 0	 0	 1	 0	 0	 0	 0	 0
s	sh	 2.44	 0	 1	 0	 0	 1	 0	 0	 0	 0	 0	 0	 0	 0	 0
^	GAP	 45.43	 1	 0	 0	 0	 0	 0	 0	 0	 0	 0	 0	 0	 0	 0
^	u	 3.94	 0	 1	 1	 0	 0	 0	 0	 1	 0	 0	 0	 1	 0	 0
^	l	 17.35	 0	 1	 4	 0	 0	 1	 0	 0	 0	 0	 1	 0	 0	 1
^	t	 18.68	 0	 1	 6	 0	 0	 1	 0	 0	 1	 0	 0	 0	 0	 1
^	i	 5.77	 0	 1	 1	 0	 0	 2	 0	 0	 0	 0	 0	 1	 0	 0
^	m	 18.37	 0	 1	 5	 0	 0	 1	 0	 0	 0	 1	 0	 0	 0	 1
^	s	 20.46	 0	 1	 6	 0	 0	 1	 1	 0	 1	 0	 0	 0	 0	 1
^	^	 0	 0	 0	 0	 0	 0	 0	 0	 0	 0	 0	 0	 0	 0	 0
^	b	 17.45	 0	 1	 6	 0	 0	 1	 0	 0	 0	 0	 0	 0	 0	 1
^	o	 3.58	 0	 1	 0	 0	 0	 0	 0	 1	 0	 0	 0	 1	 0	 0
^	n	 18.37	 0	 1	 5	 0	 0	 1	 0	 0	 0	 1	 0	 0	 0	 1
^	p	 18.68	 0	 1	 6	 0	 0	 1	 0	 0	 1	 0	 0	 0	 0	 1
^	e	 5.41	 0	 1	 0	 0	 0	 2	 0	 0	 0	 0	 0	 1	 0	 0
^	a	 2.53	 0	 1	 1	 0	 0	 0	 0	 0	 0	 0	 0	 0	 0	 0
^	k	 18.68	 0	 1	 6	 0	 0	 1	 0	 0	 1	 0	 0	 0	 0	 1
^	r	 16.37	 0	 1	 3	 0	 0	 1	 0	 0	 0	 0	 0	 0	 0	 1
^	d	 17.45	 0	 1	 6	 0	 0	 1	 0	 0	 0	 0	 0	 0	 0	 1
^	g	 17.45	 0	 1	 6	 0	 0	 1	 0	 0	 0	 0	 0	 0	 0	 1
^	f	 18.68	 0	 1	 6	 0	 0	 1	 0	 0	 1	 0	 0	 0	 0	 1
^	ng	 18.37	 0	 1	 5	 0	 0	 1	 0	 0	 0	 1	 0	 0	 0	 1
^	O	 2.24	 0	 1	 0	 0	 0	 0	 0	 1	 0	 0	 0	 0	 0	 0
^	z	 19.23	 0	 1	 6	 0	 0	 1	 1	 0	 0	 0	 0	 0	 0	 1
^	ly	 17.35	 0	 1	 4	 0	 0	 1	 0	 0	 0	 0	 1	 0	 0	 1
^	ch	 20.46	 0	 1	 6	 0	 0	 1	 1	 0	 1	 0	 0	 0	 0	 1
^	dzh	 19.23	 0	 1	 6	 0	 0	 1	 1	 0	 0	 0	 0	 0	 0	 1
^	zh	 19.23	 0	 1	 6	 0	 0	 1	 1	 0	 0	 0	 0	 0	 0	 1
^	sh	 20.46	 0	 1	 6	 0	 0	 1	 1	 0	 1	 0	 0	 0	 0	 1
b	GAP	 45.43	 1	 0	 0	 0	 0	 0	 0	 0	 0	 0	 0	 0	 0	 0
b	u	 17.09	 0	 1	 5	 0	 0	 1	 0	 0	 0	 0	 0	 0	 0	 1
b	l	 4.09	 0	 1	 2	 1	 1	 0	 0	 0	 0	 0	 1	 0	 0	 0
b	t	 3.67	 0	 1	 0	 0	 1	 0	 0	 0	 1	 0	 0	 0	 0	 0
b	i	 17.09	 0	 1	 5	 0	 0	 1	 0	 0	 0	 0	 0	 0	 0	 1
b	m	 3.81	 0	 1	 1	 0	 0	 0	 0	 0	 0	 1	 0	 0	 0	 0
b	s	 5.76	 0	 1	 0	 1	 1	 0	 1	 0	 1	 0	 0	 0	 0	 0
b	^	 17.45	 0	 1	 6	 0	 0	 1	 0	 0	 0	 0	 0	 0	 0	 1
b	b	 0	 0	 0	 0	 0	 0	 0	 0	 0	 0	 0	 0	 0	 0	 0
b	o	 17.45	 0	 1	 6	 0	 0	 1	 0	 0	 0	 0	 0	 0	 0	 1
b	n	 4.08	 0	 1	 1	 0	 1	 0	 0	 0	 0	 1	 0	 0	 0	 0
b	p	 3.4	 0	 1	 0	 0	 0	 0	 0	 0	 1	 0	 0	 0	 0	 0
b	e	 17.45	 0	 1	 6	 0	 0	 1	 0	 0	 0	 0	 0	 0	 0	 1
b	a	 17.81	 0	 1	 7	 0	 0	 1	 0	 0	 0	 0	 0	 0	 0	 1
b	k	 3.67	 0	 1	 0	 0	 1	 0	 0	 0	 1	 0	 0	 0	 0	 0
b	r	 3.83	 0	 1	 3	 1	 1	 0	 0	 0	 0	 0	 0	 0	 0	 0
b	d	 2.44	 0	 1	 0	 0	 1	 0	 0	 0	 0	 0	 0	 0	 0	 0
b	g	 2.44	 0	 1	 0	 0	 1	 0	 0	 0	 0	 0	 0	 0	 0	 0
b	f	 3.98	 0	 1	 0	 1	 1	 0	 0	 0	 1	 0	 0	 0	 0	 0
b	ng	 4.08	 0	 1	 1	 0	 1	 0	 0	 0	 0	 1	 0	 0	 0	 0
b	O	 17.45	 0	 1	 6	 0	 0	 1	 0	 0	 0	 0	 0	 0	 0	 1
b	z	 4.53	 0	 1	 0	 1	 1	 0	 1	 0	 0	 0	 0	 0	 0	 0
b	ly	 4.09	 0	 1	 2	 1	 1	 0	 0	 0	 0	 0	 1	 0	 0	 0
b	ch	 5.45	 0	 1	 0	 0	 1	 0	 1	 0	 1	 0	 0	 0	 0	 0
b	dzh	 4.22	 0	 1	 0	 0	 1	 0	 1	 0	 0	 0	 0	 0	 0	 0
b	zh	 4.53	 0	 1	 0	 1	 1	 0	 1	 0	 0	 0	 0	 0	 0	 0
b	sh	 5.76	 0	 1	 0	 1	 1	 0	 1	 0	 1	 0	 0	 0	 0	 0
o	GAP	 45.43	 1	 0	 0	 0	 0	 0	 0	 0	 0	 0	 0	 0	 0	 0
o	u	 2.53	 0	 1	 1	 0	 0	 0	 0	 0	 0	 0	 0	 0	 0	 0
o	l	 17.35	 0	 1	 4	 0	 0	 1	 0	 0	 0	 0	 1	 0	 0	 1
o	t	 18.68	 0	 1	 6	 0	 0	 1	 0	 0	 1	 0	 0	 0	 0	 1
o	i	 4.5	 0	 1	 1	 0	 0	 2	 0	 1	 0	 0	 0	 0	 0	 0
o	m	 18.37	 0	 1	 5	 0	 0	 1	 0	 0	 0	 1	 0	 0	 0	 1
o	s	 20.46	 0	 1	 6	 0	 0	 1	 1	 0	 1	 0	 0	 0	 0	 1
o	^	 3.58	 0	 1	 0	 0	 0	 0	 0	 1	 0	 0	 0	 1	 0	 0
o	b	 17.45	 0	 1	 6	 0	 0	 1	 0	 0	 0	 0	 0	 0	 0	 1
o	o	 0	 0	 0	 0	 0	 0	 0	 0	 0	 0	 0	 0	 0	 0	 0
o	n	 18.37	 0	 1	 5	 0	 0	 1	 0	 0	 0	 1	 0	 0	 0	 1
o	p	 18.68	 0	 1	 6	 0	 0	 1	 0	 0	 1	 0	 0	 0	 0	 1
o	e	 4.14	 0	 1	 0	 0	 0	 2	 0	 1	 0	 0	 0	 0	 0	 0
o	a	 3.94	 0	 1	 1	 0	 0	 0	 0	 1	 0	 0	 0	 1	 0	 0
o	k	 18.68	 0	 1	 6	 0	 0	 1	 0	 0	 1	 0	 0	 0	 0	 1
o	r	 16.37	 0	 1	 3	 0	 0	 1	 0	 0	 0	 0	 0	 0	 0	 1
o	d	 17.45	 0	 1	 6	 0	 0	 1	 0	 0	 0	 0	 0	 0	 0	 1
o	g	 17.45	 0	 1	 6	 0	 0	 1	 0	 0	 0	 0	 0	 0	 0	 1
o	f	 18.68	 0	 1	 6	 0	 0	 1	 0	 0	 1	 0	 0	 0	 0	 1
o	ng	 18.37	 0	 1	 5	 0	 0	 1	 0	 0	 0	 1	 0	 0	 0	 1
o	O	 3.51	 0	 1	 0	 0	 0	 0	 0	 0	 0	 0	 0	 1	 0	 0
o	z	 19.23	 0	 1	 6	 0	 0	 1	 1	 0	 0	 0	 0	 0	 0	 1
o	ly	 17.35	 0	 1	 4	 0	 0	 1	 0	 0	 0	 0	 1	 0	 0	 1
o	ch	 20.46	 0	 1	 6	 0	 0	 1	 1	 0	 1	 0	 0	 0	 0	 1
o	dzh	 19.23	 0	 1	 6	 0	 0	 1	 1	 0	 0	 0	 0	 0	 0	 1
o	zh	 19.23	 0	 1	 6	 0	 0	 1	 1	 0	 0	 0	 0	 0	 0	 1
o	sh	 20.46	 0	 1	 6	 0	 0	 1	 1	 0	 1	 0	 0	 0	 0	 1
n	GAP	 45.43	 1	 0	 0	 0	 0	 0	 0	 0	 0	 0	 0	 0	 0	 0
n	u	 18.01	 0	 1	 4	 0	 0	 1	 0	 0	 0	 1	 0	 0	 0	 1
n	l	 4.74	 0	 1	 1	 1	 0	 0	 0	 0	 0	 1	 1	 0	 0	 0
n	t	 5.04	 0	 1	 1	 0	 0	 0	 0	 0	 1	 1	 0	 0	 0	 0
n	i	 18.01	 0	 1	 4	 0	 0	 1	 0	 0	 0	 1	 0	 0	 0	 1
n	m	 2.44	 0	 1	 0	 0	 1	 0	 0	 0	 0	 0	 0	 0	 0	 0
n	s	 7.13	 0	 1	 1	 1	 0	 0	 1	 0	 1	 1	 0	 0	 0	 0
n	^	 18.37	 0	 1	 5	 0	 0	 1	 0	 0	 0	 1	 0	 0	 0	 1
n	b	 4.08	 0	 1	 1	 0	 1	 0	 0	 0	 0	 1	 0	 0	 0	 0
n	o	 18.37	 0	 1	 5	 0	 0	 1	 0	 0	 0	 1	 0	 0	 0	 1
n	n	 0	 0	 0	 0	 0	 0	 0	 0	 0	 0	 0	 0	 0	 0	 0
n	p	 5.31	 0	 1	 1	 0	 1	 0	 0	 0	 1	 1	 0	 0	 0	 0
n	e	 18.37	 0	 1	 5	 0	 0	 1	 0	 0	 0	 1	 0	 0	 0	 1
n	a	 18.73	 0	 1	 6	 0	 0	 1	 0	 0	 0	 1	 0	 0	 0	 1
n	k	 5.31	 0	 1	 1	 0	 1	 0	 0	 0	 1	 1	 0	 0	 0	 0
n	r	 4.48	 0	 1	 2	 1	 0	 0	 0	 0	 0	 1	 0	 0	 0	 0
n	d	 3.81	 0	 1	 1	 0	 0	 0	 0	 0	 0	 1	 0	 0	 0	 0
n	g	 4.08	 0	 1	 1	 0	 1	 0	 0	 0	 0	 1	 0	 0	 0	 0
n	f	 5.62	 0	 1	 1	 1	 1	 0	 0	 0	 1	 1	 0	 0	 0	 0
n	ng	 2.44	 0	 1	 0	 0	 1	 0	 0	 0	 0	 0	 0	 0	 0	 0
n	O	 18.37	 0	 1	 5	 0	 0	 1	 0	 0	 0	 1	 0	 0	 0	 1
n	z	 5.9	 0	 1	 1	 1	 0	 0	 1	 0	 0	 1	 0	 0	 0	 0
n	ly	 5.01	 0	 1	 1	 1	 1	 0	 0	 0	 0	 1	 1	 0	 0	 0
n	ch	 7.09	 0	 1	 1	 0	 1	 0	 1	 0	 1	 1	 0	 0	 0	 0
n	dzh	 5.86	 0	 1	 1	 0	 1	 0	 1	 0	 0	 1	 0	 0	 0	 0
n	zh	 6.17	 0	 1	 1	 1	 1	 0	 1	 0	 0	 1	 0	 0	 0	 0
n	sh	 7.4	 0	 1	 1	 1	 1	 0	 1	 0	 1	 1	 0	 0	 0	 0
p	GAP	 45.43	 1	 0	 0	 0	 0	 0	 0	 0	 0	 0	 0	 0	 0	 0
p	u	 18.32	 0	 1	 5	 0	 0	 1	 0	 0	 1	 0	 0	 0	 0	 1
p	l	 5.32	 0	 1	 2	 1	 1	 0	 0	 0	 1	 0	 1	 0	 0	 0
p	t	 2.44	 0	 1	 0	 0	 1	 0	 0	 0	 0	 0	 0	 0	 0	 0
p	i	 18.32	 0	 1	 5	 0	 0	 1	 0	 0	 1	 0	 0	 0	 0	 1
p	m	 5.04	 0	 1	 1	 0	 0	 0	 0	 0	 1	 1	 0	 0	 0	 0
p	s	 4.53	 0	 1	 0	 1	 1	 0	 1	 0	 0	 0	 0	 0	 0	 0
p	^	 18.68	 0	 1	 6	 0	 0	 1	 0	 0	 1	 0	 0	 0	 0	 1
p	b	 3.4	 0	 1	 0	 0	 0	 0	 0	 0	 1	 0	 0	 0	 0	 0
p	o	 18.68	 0	 1	 6	 0	 0	 1	 0	 0	 1	 0	 0	 0	 0	 1
p	n	 5.31	 0	 1	 1	 0	 1	 0	 0	 0	 1	 1	 0	 0	 0	 0
p	p	 0	 0	 0	 0	 0	 0	 0	 0	 0	 0	 0	 0	 0	 0	 0
p	e	 18.68	 0	 1	 6	 0	 0	 1	 0	 0	 1	 0	 0	 0	 0	 1
p	a	 19.04	 0	 1	 7	 0	 0	 1	 0	 0	 1	 0	 0	 0	 0	 1
p	k	 2.44	 0	 1	 0	 0	 1	 0	 0	 0	 0	 0	 0	 0	 0	 0
p	r	 5.06	 0	 1	 3	 1	 1	 0	 0	 0	 1	 0	 0	 0	 0	 0
p	d	 3.67	 0	 1	 0	 0	 1	 0	 0	 0	 1	 0	 0	 0	 0	 0
p	g	 3.67	 0	 1	 0	 0	 1	 0	 0	 0	 1	 0	 0	 0	 0	 0
p	f	 2.75	 0	 1	 0	 1	 1	 0	 0	 0	 0	 0	 0	 0	 0	 0
p	ng	 5.31	 0	 1	 1	 0	 1	 0	 0	 0	 1	 1	 0	 0	 0	 0
p	O	 18.68	 0	 1	 6	 0	 0	 1	 0	 0	 1	 0	 0	 0	 0	 1
p	z	 5.76	 0	 1	 0	 1	 1	 0	 1	 0	 1	 0	 0	 0	 0	 0
p	ly	 5.32	 0	 1	 2	 1	 1	 0	 0	 0	 1	 0	 1	 0	 0	 0
p	ch	 4.22	 0	 1	 0	 0	 1	 0	 1	 0	 0	 0	 0	 0	 0	 0
p	dzh	 5.45	 0	 1	 0	 0	 1	 0	 1	 0	 1	 0	 0	 0	 0	 0
p	zh	 5.76	 0	 1	 0	 1	 1	 0	 1	 0	 1	 0	 0	 0	 0	 0
p	sh	 4.53	 0	 1	 0	 1	 1	 0	 1	 0	 0	 0	 0	 0	 0	 0
e	GAP	 45.43	 1	 0	 0	 0	 0	 0	 0	 0	 0	 0	 0	 0	 0	 0
e	u	 4.5	 0	 1	 1	 0	 0	 2	 0	 1	 0	 0	 0	 0	 0	 0
e	l	 17.35	 0	 1	 4	 0	 0	 1	 0	 0	 0	 0	 1	 0	 0	 1
e	t	 18.68	 0	 1	 6	 0	 0	 1	 0	 0	 1	 0	 0	 0	 0	 1
e	i	 2.53	 0	 1	 1	 0	 0	 0	 0	 0	 0	 0	 0	 0	 0	 0
e	m	 18.37	 0	 1	 5	 0	 0	 1	 0	 0	 0	 1	 0	 0	 0	 1
e	s	 20.46	 0	 1	 6	 0	 0	 1	 1	 0	 1	 0	 0	 0	 0	 1
e	^	 5.41	 0	 1	 0	 0	 0	 2	 0	 0	 0	 0	 0	 1	 0	 0
e	b	 17.45	 0	 1	 6	 0	 0	 1	 0	 0	 0	 0	 0	 0	 0	 1
e	o	 4.14	 0	 1	 0	 0	 0	 2	 0	 1	 0	 0	 0	 0	 0	 0
e	n	 18.37	 0	 1	 5	 0	 0	 1	 0	 0	 0	 1	 0	 0	 0	 1
e	p	 18.68	 0	 1	 6	 0	 0	 1	 0	 0	 1	 0	 0	 0	 0	 1
e	e	 0	 0	 0	 0	 0	 0	 0	 0	 0	 0	 0	 0	 0	 0	 0
e	a	 5.77	 0	 1	 1	 0	 0	 2	 0	 0	 0	 0	 0	 1	 0	 0
e	k	 18.68	 0	 1	 6	 0	 0	 1	 0	 0	 1	 0	 0	 0	 0	 1
e	r	 16.37	 0	 1	 3	 0	 0	 1	 0	 0	 0	 0	 0	 0	 0	 1
e	d	 17.45	 0	 1	 6	 0	 0	 1	 0	 0	 0	 0	 0	 0	 0	 1
e	g	 17.45	 0	 1	 6	 0	 0	 1	 0	 0	 0	 0	 0	 0	 0	 1
e	f	 18.68	 0	 1	 6	 0	 0	 1	 0	 0	 1	 0	 0	 0	 0	 1
e	ng	 18.37	 0	 1	 5	 0	 0	 1	 0	 0	 0	 1	 0	 0	 0	 1
e	O	 5.48	 0	 1	 0	 0	 0	 2	 0	 1	 0	 0	 0	 1	 0	 0
e	z	 19.23	 0	 1	 6	 0	 0	 1	 1	 0	 0	 0	 0	 0	 0	 1
e	ly	 17.35	 0	 1	 4	 0	 0	 1	 0	 0	 0	 0	 1	 0	 0	 1
e	ch	 20.46	 0	 1	 6	 0	 0	 1	 1	 0	 1	 0	 0	 0	 0	 1
e	dzh	 19.23	 0	 1	 6	 0	 0	 1	 1	 0	 0	 0	 0	 0	 0	 1
e	zh	 19.23	 0	 1	 6	 0	 0	 1	 1	 0	 0	 0	 0	 0	 0	 1
e	sh	 20.46	 0	 1	 6	 0	 0	 1	 1	 0	 1	 0	 0	 0	 0	 1
a	GAP	 45.43	 1	 0	 0	 0	 0	 0	 0	 0	 0	 0	 0	 0	 0	 0
a	u	 4.3	 0	 1	 2	 0	 0	 0	 0	 1	 0	 0	 0	 1	 0	 0
a	l	 17.71	 0	 1	 5	 0	 0	 1	 0	 0	 0	 0	 1	 0	 0	 1
a	t	 19.04	 0	 1	 7	 0	 0	 1	 0	 0	 1	 0	 0	 0	 0	 1
a	i	 6.13	 0	 1	 2	 0	 0	 2	 0	 0	 0	 0	 0	 1	 0	 0
a	m	 18.73	 0	 1	 6	 0	 0	 1	 0	 0	 0	 1	 0	 0	 0	 1
a	s	 20.82	 0	 1	 7	 0	 0	 1	 1	 0	 1	 0	 0	 0	 0	 1
a	^	 2.53	 0	 1	 1	 0	 0	 0	 0	 0	 0	 0	 0	 0	 0	 0
a	b	 17.81	 0	 1	 7	 0	 0	 1	 0	 0	 0	 0	 0	 0	 0	 1
a	o	 3.94	 0	 1	 1	 0	 0	 0	 0	 1	 0	 0	 0	 1	 0	 0
a	n	 18.73	 0	 1	 6	 0	 0	 1	 0	 0	 0	 1	 0	 0	 0	 1
a	p	 19.04	 0	 1	 7	 0	 0	 1	 0	 0	 1	 0	 0	 0	 0	 1
a	e	 5.77	 0	 1	 1	 0	 0	 2	 0	 0	 0	 0	 0	 1	 0	 0
a	a	 0	 0	 0	 0	 0	 0	 0	 0	 0	 0	 0	 0	 0	 0	 0
a	k	 19.04	 0	 1	 7	 0	 0	 1	 0	 0	 1	 0	 0	 0	 0	 1
a	r	 16.73	 0	 1	 4	 0	 0	 1	 0	 0	 0	 0	 0	 0	 0	 1
a	d	 17.81	 0	 1	 7	 0	 0	 1	 0	 0	 0	 0	 0	 0	 0	 1
a	g	 17.81	 0	 1	 7	 0	 0	 1	 0	 0	 0	 0	 0	 0	 0	 1
a	f	 19.04	 0	 1	 7	 0	 0	 1	 0	 0	 1	 0	 0	 0	 0	 1
a	ng	 18.73	 0	 1	 6	 0	 0	 1	 0	 0	 0	 1	 0	 0	 0	 1
a	O	 2.6	 0	 1	 1	 0	 0	 0	 0	 1	 0	 0	 0	 0	 0	 0
a	z	 19.59	 0	 1	 7	 0	 0	 1	 1	 0	 0	 0	 0	 0	 0	 1
a	ly	 17.71	 0	 1	 5	 0	 0	 1	 0	 0	 0	 0	 1	 0	 0	 1
a	ch	 20.82	 0	 1	 7	 0	 0	 1	 1	 0	 1	 0	 0	 0	 0	 1
a	dzh	 19.59	 0	 1	 7	 0	 0	 1	 1	 0	 0	 0	 0	 0	 0	 1
a	zh	 19.59	 0	 1	 7	 0	 0	 1	 1	 0	 0	 0	 0	 0	 0	 1
a	sh	 20.82	 0	 1	 7	 0	 0	 1	 1	 0	 1	 0	 0	 0	 0	 1
k	GAP	 45.43	 1	 0	 0	 0	 0	 0	 0	 0	 0	 0	 0	 0	 0	 0
k	u	 18.32	 0	 1	 5	 0	 0	 1	 0	 0	 1	 0	 0	 0	 0	 1
k	l	 5.32	 0	 1	 2	 1	 1	 0	 0	 0	 1	 0	 1	 0	 0	 0
k	t	 2.44	 0	 1	 0	 0	 1	 0	 0	 0	 0	 0	 0	 0	 0	 0
k	i	 18.32	 0	 1	 5	 0	 0	 1	 0	 0	 1	 0	 0	 0	 0	 1
k	m	 5.31	 0	 1	 1	 0	 1	 0	 0	 0	 1	 1	 0	 0	 0	 0
k	s	 4.53	 0	 1	 0	 1	 1	 0	 1	 0	 0	 0	 0	 0	 0	 0
k	^	 18.68	 0	 1	 6	 0	 0	 1	 0	 0	 1	 0	 0	 0	 0	 1
k	b	 3.67	 0	 1	 0	 0	 1	 0	 0	 0	 1	 0	 0	 0	 0	 0
k	o	 18.68	 0	 1	 6	 0	 0	 1	 0	 0	 1	 0	 0	 0	 0	 1
k	n	 5.31	 0	 1	 1	 0	 1	 0	 0	 0	 1	 1	 0	 0	 0	 0
k	p	 2.44	 0	 1	 0	 0	 1	 0	 0	 0	 0	 0	 0	 0	 0	 0
k	e	 18.68	 0	 1	 6	 0	 0	 1	 0	 0	 1	 0	 0	 0	 0	 1
k	a	 19.04	 0	 1	 7	 0	 0	 1	 0	 0	 1	 0	 0	 0	 0	 1
k	k	 0	 0	 0	 0	 0	 0	 0	 0	 0	 0	 0	 0	 0	 0	 0
k	r	 5.06	 0	 1	 3	 1	 1	 0	 0	 0	 1	 0	 0	 0	 0	 0
k	d	 3.67	 0	 1	 0	 0	 1	 0	 0	 0	 1	 0	 0	 0	 0	 0
k	g	 3.4	 0	 1	 0	 0	 0	 0	 0	 0	 1	 0	 0	 0	 0	 0
k	f	 2.75	 0	 1	 0	 1	 1	 0	 0	 0	 0	 0	 0	 0	 0	 0
k	ng	 5.04	 0	 1	 1	 0	 0	 0	 0	 0	 1	 1	 0	 0	 0	 0
k	O	 18.68	 0	 1	 6	 0	 0	 1	 0	 0	 1	 0	 0	 0	 0	 1
k	z	 5.76	 0	 1	 0	 1	 1	 0	 1	 0	 1	 0	 0	 0	 0	 0
k	ly	 5.32	 0	 1	 2	 1	 1	 0	 0	 0	 1	 0	 1	 0	 0	 0
k	ch	 4.22	 0	 1	 0	 0	 1	 0	 1	 0	 0	 0	 0	 0	 0	 0
k	dzh	 5.45	 0	 1	 0	 0	 1	 0	 1	 0	 1	 0	 0	 0	 0	 0
k	zh	 5.76	 0	 1	 0	 1	 1	 0	 1	 0	 1	 0	 0	 0	 0	 0
k	sh	 4.53	 0	 1	 0	 1	 1	 0	 1	 0	 0	 0	 0	 0	 0	 0
r	GAP	 45.43	 1	 0	 0	 0	 0	 0	 0	 0	 0	 0	 0	 0	 0	 0
r	u	 16.01	 0	 1	 2	 0	 0	 1	 0	 0	 0	 0	 0	 0	 0	 1
r	l	 3.15	 0	 1	 1	 0	 0	 0	 0	 0	 0	 0	 1	 0	 0	 0
r	t	 4.79	 0	 1	 3	 1	 0	 0	 0	 0	 1	 0	 0	 0	 0	 0
r	i	 16.01	 0	 1	 2	 0	 0	 1	 0	 0	 0	 0	 0	 0	 0	 1
r	m	 4.75	 0	 1	 2	 1	 1	 0	 0	 0	 0	 1	 0	 0	 0	 0
r	s	 6.26	 0	 1	 3	 0	 0	 0	 1	 0	 1	 0	 0	 0	 0	 0
r	^	 16.37	 0	 1	 3	 0	 0	 1	 0	 0	 0	 0	 0	 0	 0	 1
r	b	 3.83	 0	 1	 3	 1	 1	 0	 0	 0	 0	 0	 0	 0	 0	 0
r	o	 16.37	 0	 1	 3	 0	 0	 1	 0	 0	 0	 0	 0	 0	 0	 1
r	n	 4.48	 0	 1	 2	 1	 0	 0	 0	 0	 0	 1	 0	 0	 0	 0
r	p	 5.06	 0	 1	 3	 1	 1	 0	 0	 0	 1	 0	 0	 0	 0	 0
r	e	 16.37	 0	 1	 3	 0	 0	 1	 0	 0	 0	 0	 0	 0	 0	 1
r	a	 16.73	 0	 1	 4	 0	 0	 1	 0	 0	 0	 0	 0	 0	 0	 1
r	k	 5.06	 0	 1	 3	 1	 1	 0	 0	 0	 1	 0	 0	 0	 0	 0
r	r	 0	 0	 0	 0	 0	 0	 0	 0	 0	 0	 0	 0	 0	 0	 0
r	d	 3.56	 0	 1	 3	 1	 0	 0	 0	 0	 0	 0	 0	 0	 0	 0
r	g	 3.83	 0	 1	 3	 1	 1	 0	 0	 0	 0	 0	 0	 0	 0	 0
r	f	 4.75	 0	 1	 3	 0	 1	 0	 0	 0	 1	 0	 0	 0	 0	 0
r	ng	 4.75	 0	 1	 2	 1	 1	 0	 0	 0	 0	 1	 0	 0	 0	 0
r	O	 16.37	 0	 1	 3	 0	 0	 1	 0	 0	 0	 0	 0	 0	 0	 1
r	z	 5.03	 0	 1	 3	 0	 0	 0	 1	 0	 0	 0	 0	 0	 0	 0
r	ly	 3.42	 0	 1	 1	 0	 1	 0	 0	 0	 0	 0	 1	 0	 0	 0
r	ch	 6.84	 0	 1	 3	 1	 1	 0	 1	 0	 1	 0	 0	 0	 0	 0
r	dzh	 5.61	 0	 1	 3	 1	 1	 0	 1	 0	 0	 0	 0	 0	 0	 0
r	zh	 5.3	 0	 1	 3	 0	 1	 0	 1	 0	 0	 0	 0	 0	 0	 0
r	sh	 6.53	 0	 1	 3	 0	 1	 0	 1	 0	 1	 0	 0	 0	 0	 0
d	GAP	 45.43	 1	 0	 0	 0	 0	 0	 0	 0	 0	 0	 0	 0	 0	 0
d	u	 17.09	 0	 1	 5	 0	 0	 1	 0	 0	 0	 0	 0	 0	 0	 1
d	l	 3.82	 0	 1	 2	 1	 0	 0	 0	 0	 0	 0	 1	 0	 0	 0
d	t	 3.4	 0	 1	 0	 0	 0	 0	 0	 0	 1	 0	 0	 0	 0	 0
d	i	 17.09	 0	 1	 5	 0	 0	 1	 0	 0	 0	 0	 0	 0	 0	 1
d	m	 4.08	 0	 1	 1	 0	 1	 0	 0	 0	 0	 1	 0	 0	 0	 0
d	s	 5.49	 0	 1	 0	 1	 0	 0	 1	 0	 1	 0	 0	 0	 0	 0
d	^	 17.45	 0	 1	 6	 0	 0	 1	 0	 0	 0	 0	 0	 0	 0	 1
d	b	 2.44	 0	 1	 0	 0	 1	 0	 0	 0	 0	 0	 0	 0	 0	 0
d	o	 17.45	 0	 1	 6	 0	 0	 1	 0	 0	 0	 0	 0	 0	 0	 1
d	n	 3.81	 0	 1	 1	 0	 0	 0	 0	 0	 0	 1	 0	 0	 0	 0
d	p	 3.67	 0	 1	 0	 0	 1	 0	 0	 0	 1	 0	 0	 0	 0	 0
d	e	 17.45	 0	 1	 6	 0	 0	 1	 0	 0	 0	 0	 0	 0	 0	 1
d	a	 17.81	 0	 1	 7	 0	 0	 1	 0	 0	 0	 0	 0	 0	 0	 1
d	k	 3.67	 0	 1	 0	 0	 1	 0	 0	 0	 1	 0	 0	 0	 0	 0
d	r	 3.56	 0	 1	 3	 1	 0	 0	 0	 0	 0	 0	 0	 0	 0	 0
d	d	 0	 0	 0	 0	 0	 0	 0	 0	 0	 0	 0	 0	 0	 0	 0
d	g	 2.44	 0	 1	 0	 0	 1	 0	 0	 0	 0	 0	 0	 0	 0	 0
d	f	 3.98	 0	 1	 0	 1	 1	 0	 0	 0	 1	 0	 0	 0	 0	 0
d	ng	 4.08	 0	 1	 1	 0	 1	 0	 0	 0	 0	 1	 0	 0	 0	 0
d	O	 17.45	 0	 1	 6	 0	 0	 1	 0	 0	 0	 0	 0	 0	 0	 1
d	z	 4.26	 0	 1	 0	 1	 0	 0	 1	 0	 0	 0	 0	 0	 0	 0
d	ly	 4.09	 0	 1	 2	 1	 1	 0	 0	 0	 0	 0	 1	 0	 0	 0
d	ch	 5.45	 0	 1	 0	 0	 1	 0	 1	 0	 1	 0	 0	 0	 0	 0
d	dzh	 4.22	 0	 1	 0	 0	 1	 0	 1	 0	 0	 0	 0	 0	 0	 0
d	zh	 4.53	 0	 1	 0	 1	 1	 0	 1	 0	 0	 0	 0	 0	 0	 0
d	sh	 5.76	 0	 1	 0	 1	 1	 0	 1	 0	 1	 0	 0	 0	 0	 0
g	GAP	 45.43	 1	 0	 0	 0	 0	 0	 0	 0	 0	 0	 0	 0	 0	 0
g	u	 17.09	 0	 1	 5	 0	 0	 1	 0	 0	 0	 0	 0	 0	 0	 1
g	l	 4.09	 0	 1	 2	 1	 1	 0	 0	 0	 0	 0	 1	 0	 0	 0
g	t	 3.67	 0	 1	 0	 0	 1	 0	 0	 0	 1	 0	 0	 0	 0	 0
g	i	 17.09	 0	 1	 5	 0	 0	 1	 0	 0	 0	 0	 0	 0	 0	 1
g	m	 4.08	 0	 1	 1	 0	 1	 0	 0	 0	 0	 1	 0	 0	 0	 0
g	s	 5.76	 0	 1	 0	 1	 1	 0	 1	 0	 1	 0	 0	 0	 0	 0
g	^	 17.45	 0	 1	 6	 0	 0	 1	 0	 0	 0	 0	 0	 0	 0	 1
g	b	 2.44	 0	 1	 0	 0	 1	 0	 0	 0	 0	 0	 0	 0	 0	 0
g	o	 17.45	 0	 1	 6	 0	 0	 1	 0	 0	 0	 0	 0	 0	 0	 1
g	n	 4.08	 0	 1	 1	 0	 1	 0	 0	 0	 0	 1	 0	 0	 0	 0
g	p	 3.67	 0	 1	 0	 0	 1	 0	 0	 0	 1	 0	 0	 0	 0	 0
g	e	 17.45	 0	 1	 6	 0	 0	 1	 0	 0	 0	 0	 0	 0	 0	 1
g	a	 17.81	 0	 1	 7	 0	 0	 1	 0	 0	 0	 0	 0	 0	 0	 1
g	k	 3.4	 0	 1	 0	 0	 0	 0	 0	 0	 1	 0	 0	 0	 0	 0
g	r	 3.83	 0	 1	 3	 1	 1	 0	 0	 0	 0	 0	 0	 0	 0	 0
g	d	 2.44	 0	 1	 0	 0	 1	 0	 0	 0	 0	 0	 0	 0	 0	 0
g	g	 0	 0	 0	 0	 0	 0	 0	 0	 0	 0	 0	 0	 0	 0	 0
g	f	 3.98	 0	 1	 0	 1	 1	 0	 0	 0	 1	 0	 0	 0	 0	 0
g	ng	 3.81	 0	 1	 1	 0	 0	 0	 0	 0	 0	 1	 0	 0	 0	 0
g	O	 17.45	 0	 1	 6	 0	 0	 1	 0	 0	 0	 0	 0	 0	 0	 1
g	z	 4.53	 0	 1	 0	 1	 1	 0	 1	 0	 0	 0	 0	 0	 0	 0
g	ly	 4.09	 0	 1	 2	 1	 1	 0	 0	 0	 0	 0	 1	 0	 0	 0
g	ch	 5.45	 0	 1	 0	 0	 1	 0	 1	 0	 1	 0	 0	 0	 0	 0
g	dzh	 4.22	 0	 1	 0	 0	 1	 0	 1	 0	 0	 0	 0	 0	 0	 0
g	zh	 4.53	 0	 1	 0	 1	 1	 0	 1	 0	 0	 0	 0	 0	 0	 0
g	sh	 5.76	 0	 1	 0	 1	 1	 0	 1	 0	 1	 0	 0	 0	 0	 0
f	GAP	 45.43	 1	 0	 0	 0	 0	 0	 0	 0	 0	 0	 0	 0	 0	 0
f	u	 18.32	 0	 1	 5	 0	 0	 1	 0	 0	 1	 0	 0	 0	 0	 1
f	l	 5.01	 0	 1	 2	 0	 1	 0	 0	 0	 1	 0	 1	 0	 0	 0
f	t	 2.75	 0	 1	 0	 1	 1	 0	 0	 0	 0	 0	 0	 0	 0	 0
f	i	 18.32	 0	 1	 5	 0	 0	 1	 0	 0	 1	 0	 0	 0	 0	 1
f	m	 5.62	 0	 1	 1	 1	 1	 0	 0	 0	 1	 1	 0	 0	 0	 0
f	s	 4.22	 0	 1	 0	 0	 1	 0	 1	 0	 0	 0	 0	 0	 0	 0
f	^	 18.68	 0	 1	 6	 0	 0	 1	 0	 0	 1	 0	 0	 0	 0	 1
f	b	 3.98	 0	 1	 0	 1	 1	 0	 0	 0	 1	 0	 0	 0	 0	 0
f	o	 18.68	 0	 1	 6	 0	 0	 1	 0	 0	 1	 0	 0	 0	 0	 1
f	n	 5.62	 0	 1	 1	 1	 1	 0	 0	 0	 1	 1	 0	 0	 0	 0
f	p	 2.75	 0	 1	 0	 1	 1	 0	 0	 0	 0	 0	 0	 0	 0	 0
f	e	 18.68	 0	 1	 6	 0	 0	 1	 0	 0	 1	 0	 0	 0	 0	 1
f	a	 19.04	 0	 1	 7	 0	 0	 1	 0	 0	 1	 0	 0	 0	 0	 1
f	k	 2.75	 0	 1	 0	 1	 1	 0	 0	 0	 0	 0	 0	 0	 0	 0
f	r	 4.75	 0	 1	 3	 0	 1	 0	 0	 0	 1	 0	 0	 0	 0	 0
f	d	 3.98	 0	 1	 0	 1	 1	 0	 0	 0	 1	 0	 0	 0	 0	 0
f	g	 3.98	 0	 1	 0	 1	 1	 0	 0	 0	 1	 0	 0	 0	 0	 0
f	f	 0	 0	 0	 0	 0	 0	 0	 0	 0	 0	 0	 0	 0	 0	 0
f	ng	 5.62	 0	 1	 1	 1	 1	 0	 0	 0	 1	 1	 0	 0	 0	 0
f	O	 18.68	 0	 1	 6	 0	 0	 1	 0	 0	 1	 0	 0	 0	 0	 1
f	z	 5.45	 0	 1	 0	 0	 1	 0	 1	 0	 1	 0	 0	 0	 0	 0
f	ly	 5.01	 0	 1	 2	 0	 1	 0	 0	 0	 1	 0	 1	 0	 0	 0
f	ch	 4.53	 0	 1	 0	 1	 1	 0	 1	 0	 0	 0	 0	 0	 0	 0
f	dzh	 5.76	 0	 1	 0	 1	 1	 0	 1	 0	 1	 0	 0	 0	 0	 0
f	zh	 5.45	 0	 1	 0	 0	 1	 0	 1	 0	 1	 0	 0	 0	 0	 0
f	sh	 4.22	 0	 1	 0	 0	 1	 0	 1	 0	 0	 0	 0	 0	 0	 0
ng	GAP	 45.43	 1	 0	 0	 0	 0	 0	 0	 0	 0	 0	 0	 0	 0	 0
ng	u	 18.01	 0	 1	 4	 0	 0	 1	 0	 0	 0	 1	 0	 0	 0	 1
ng	l	 5.01	 0	 1	 1	 1	 1	 0	 0	 0	 0	 1	 1	 0	 0	 0
ng	t	 5.31	 0	 1	 1	 0	 1	 0	 0	 0	 1	 1	 0	 0	 0	 0
ng	i	 18.01	 0	 1	 4	 0	 0	 1	 0	 0	 0	 1	 0	 0	 0	 1
ng	m	 2.44	 0	 1	 0	 0	 1	 0	 0	 0	 0	 0	 0	 0	 0	 0
ng	s	 7.4	 0	 1	 1	 1	 1	 0	 1	 0	 1	 1	 0	 0	 0	 0
ng	^	 18.37	 0	 1	 5	 0	 0	 1	 0	 0	 0	 1	 0	 0	 0	 1
ng	b	 4.08	 0	 1	 1	 0	 1	 0	 0	 0	 0	 1	 0	 0	 0	 0
ng	o	 18.37	 0	 1	 5	 0	 0	 1	 0	 0	 0	 1	 0	 0	 0	 1
ng	n	 2.44	 0	 1	 0	 0	 1	 0	 0	 0	 0	 0	 0	 0	 0	 0
ng	p	 5.31	 0	 1	 1	 0	 1	 0	 0	 0	 1	 1	 0	 0	 0	 0
ng	e	 18.37	 0	 1	 5	 0	 0	 1	 0	 0	 0	 1	 0	 0	 0	 1
ng	a	 18.73	 0	 1	 6	 0	 0	 1	 0	 0	 0	 1	 0	 0	 0	 1
ng	k	 5.04	 0	 1	 1	 0	 0	 0	 0	 0	 1	 1	 0	 0	 0	 0
ng	r	 4.75	 0	 1	 2	 1	 1	 0	 0	 0	 0	 1	 0	 0	 0	 0
ng	d	 4.08	 0	 1	 1	 0	 1	 0	 0	 0	 0	 1	 0	 0	 0	 0
ng	g	 3.81	 0	 1	 1	 0	 0	 0	 0	 0	 0	 1	 0	 0	 0	 0
ng	f	 5.62	 0	 1	 1	 1	 1	 0	 0	 0	 1	 1	 0	 0	 0	 0
ng	ng	 0	 0	 0	 0	 0	 0	 0	 0	 0	 0	 0	 0	 0	 0	 0
ng	O	 18.37	 0	 1	 5	 0	 0	 1	 0	 0	 0	 1	 0	 0	 0	 1
ng	z	 6.17	 0	 1	 1	 1	 1	 0	 1	 0	 0	 1	 0	 0	 0	 0
ng	ly	 5.01	 0	 1	 1	 1	 1	 0	 0	 0	 0	 1	 1	 0	 0	 0
ng	ch	 7.09	 0	 1	 1	 0	 1	 0	 1	 0	 1	 1	 0	 0	 0	 0
ng	dzh	 5.86	 0	 1	 1	 0	 1	 0	 1	 0	 0	 1	 0	 0	 0	 0
ng	zh	 6.17	 0	 1	 1	 1	 1	 0	 1	 0	 0	 1	 0	 0	 0	 0
ng	sh	 7.4	 0	 1	 1	 1	 1	 0	 1	 0	 1	 1	 0	 0	 0	 0
O	GAP	 45.43	 1	 0	 0	 0	 0	 0	 0	 0	 0	 0	 0	 0	 0	 0
O	u	 3.87	 0	 1	 1	 0	 0	 0	 0	 0	 0	 0	 0	 1	 0	 0
O	l	 17.35	 0	 1	 4	 0	 0	 1	 0	 0	 0	 0	 1	 0	 0	 1
O	t	 18.68	 0	 1	 6	 0	 0	 1	 0	 0	 1	 0	 0	 0	 0	 1
O	i	 5.84	 0	 1	 1	 0	 0	 2	 0	 1	 0	 0	 0	 1	 0	 0
O	m	 18.37	 0	 1	 5	 0	 0	 1	 0	 0	 0	 1	 0	 0	 0	 1
O	s	 20.46	 0	 1	 6	 0	 0	 1	 1	 0	 1	 0	 0	 0	 0	 1
O	^	 2.24	 0	 1	 0	 0	 0	 0	 0	 1	 0	 0	 0	 0	 0	 0
O	b	 17.45	 0	 1	 6	 0	 0	 1	 0	 0	 0	 0	 0	 0	 0	 1
O	o	 3.51	 0	 1	 0	 0	 0	 0	 0	 0	 0	 0	 0	 1	 0	 0
O	n	 18.37	 0	 1	 5	 0	 0	 1	 0	 0	 0	 1	 0	 0	 0	 1
O	p	 18.68	 0	 1	 6	 0	 0	 1	 0	 0	 1	 0	 0	 0	 0	 1
O	e	 5.48	 0	 1	 0	 0	 0	 2	 0	 1	 0	 0	 0	 1	 0	 0
O	a	 2.6	 0	 1	 1	 0	 0	 0	 0	 1	 0	 0	 0	 0	 0	 0
O	k	 18.68	 0	 1	 6	 0	 0	 1	 0	 0	 1	 0	 0	 0	 0	 1
O	r	 16.37	 0	 1	 3	 0	 0	 1	 0	 0	 0	 0	 0	 0	 0	 1
O	d	 17.45	 0	 1	 6	 0	 0	 1	 0	 0	 0	 0	 0	 0	 0	 1
O	g	 17.45	 0	 1	 6	 0	 0	 1	 0	 0	 0	 0	 0	 0	 0	 1
O	f	 18.68	 0	 1	 6	 0	 0	 1	 0	 0	 1	 0	 0	 0	 0	 1
O	ng	 18.37	 0	 1	 5	 0	 0	 1	 0	 0	 0	 1	 0	 0	 0	 1
O	O	 0	 0	 0	 0	 0	 0	 0	 0	 0	 0	 0	 0	 0	 0	 0
O	z	 19.23	 0	 1	 6	 0	 0	 1	 1	 0	 0	 0	 0	 0	 0	 1
O	ly	 17.35	 0	 1	 4	 0	 0	 1	 0	 0	 0	 0	 1	 0	 0	 1
O	ch	 20.46	 0	 1	 6	 0	 0	 1	 1	 0	 1	 0	 0	 0	 0	 1
O	dzh	 19.23	 0	 1	 6	 0	 0	 1	 1	 0	 0	 0	 0	 0	 0	 1
O	zh	 19.23	 0	 1	 6	 0	 0	 1	 1	 0	 0	 0	 0	 0	 0	 1
O	sh	 20.46	 0	 1	 6	 0	 0	 1	 1	 0	 1	 0	 0	 0	 0	 1
z	GAP	 45.43	 1	 0	 0	 0	 0	 0	 0	 0	 0	 0	 0	 0	 0	 0
z	u	 18.87	 0	 1	 5	 0	 0	 1	 1	 0	 0	 0	 0	 0	 0	 1
z	l	 5.29	 0	 1	 2	 0	 0	 0	 1	 0	 0	 0	 1	 0	 0	 0
z	t	 5.49	 0	 1	 0	 1	 0	 0	 1	 0	 1	 0	 0	 0	 0	 0
z	i	 18.87	 0	 1	 5	 0	 0	 1	 1	 0	 0	 0	 0	 0	 0	 1
z	m	 6.17	 0	 1	 1	 1	 1	 0	 1	 0	 0	 1	 0	 0	 0	 0
z	s	 3.4	 0	 1	 0	 0	 0	 0	 0	 0	 1	 0	 0	 0	 0	 0
z	^	 19.23	 0	 1	 6	 0	 0	 1	 1	 0	 0	 0	 0	 0	 0	 1
z	b	 4.53	 0	 1	 0	 1	 1	 0	 1	 0	 0	 0	 0	 0	 0	 0
z	o	 19.23	 0	 1	 6	 0	 0	 1	 1	 0	 0	 0	 0	 0	 0	 1
z	n	 5.9	 0	 1	 1	 1	 0	 0	 1	 0	 0	 1	 0	 0	 0	 0
z	p	 5.76	 0	 1	 0	 1	 1	 0	 1	 0	 1	 0	 0	 0	 0	 0
z	e	 19.23	 0	 1	 6	 0	 0	 1	 1	 0	 0	 0	 0	 0	 0	 1
z	a	 19.59	 0	 1	 7	 0	 0	 1	 1	 0	 0	 0	 0	 0	 0	 1
z	k	 5.76	 0	 1	 0	 1	 1	 0	 1	 0	 1	 0	 0	 0	 0	 0
z	r	 5.03	 0	 1	 3	 0	 0	 0	 1	 0	 0	 0	 0	 0	 0	 0
z	d	 4.26	 0	 1	 0	 1	 0	 0	 1	 0	 0	 0	 0	 0	 0	 0
z	g	 4.53	 0	 1	 0	 1	 1	 0	 1	 0	 0	 0	 0	 0	 0	 0
z	f	 5.45	 0	 1	 0	 0	 1	 0	 1	 0	 1	 0	 0	 0	 0	 0
z	ng	 6.17	 0	 1	 1	 1	 1	 0	 1	 0	 0	 1	 0	 0	 0	 0
z	O	 19.23	 0	 1	 6	 0	 0	 1	 1	 0	 0	 0	 0	 0	 0	 1
z	z	 0	 0	 0	 0	 0	 0	 0	 0	 0	 0	 0	 0	 0	 0	 0
z	ly	 5.56	 0	 1	 2	 0	 1	 0	 1	 0	 0	 0	 1	 0	 0	 0
z	ch	 3.98	 0	 1	 0	 1	 1	 0	 0	 0	 1	 0	 0	 0	 0	 0
z	dzh	 2.75	 0	 1	 0	 1	 1	 0	 0	 0	 0	 0	 0	 0	 0	 0
z	zh	 2.44	 0	 1	 0	 0	 1	 0	 0	 0	 0	 0	 0	 0	 0	 0
z	sh	 3.67	 0	 1	 0	 0	 1	 0	 0	 0	 1	 0	 0	 0	 0	 0
ly	GAP	 45.43	 1	 0	 0	 0	 0	 0	 0	 0	 0	 0	 0	 0	 0	 0
ly	u	 16.99	 0	 1	 3	 0	 0	 1	 0	 0	 0	 0	 1	 0	 0	 1
ly	l	 2.44	 0	 1	 0	 0	 1	 0	 0	 0	 0	 0	 0	 0	 0	 0
ly	t	 5.32	 0	 1	 2	 1	 1	 0	 0	 0	 1	 0	 1	 0	 0	 0
ly	i	 16.99	 0	 1	 3	 0	 0	 1	 0	 0	 0	 0	 1	 0	 0	 1
ly	m	 5.01	 0	 1	 1	 1	 1	 0	 0	 0	 0	 1	 1	 0	 0	 0
ly	s	 6.79	 0	 1	 2	 0	 1	 0	 1	 0	 1	 0	 1	 0	 0	 0
ly	^	 17.35	 0	 1	 4	 0	 0	 1	 0	 0	 0	 0	 1	 0	 0	 1
ly	b	 4.09	 0	 1	 2	 1	 1	 0	 0	 0	 0	 0	 1	 0	 0	 0
ly	o	 17.35	 0	 1	 4	 0	 0	 1	 0	 0	 0	 0	 1	 0	 0	 1
ly	n	 5.01	 0	 1	 1	 1	 1	 0	 0	 0	 0	 1	 1	 0	 0	 0
ly	p	 5.32	 0	 1	 2	 1	 1	 0	 0	 0	 1	 0	 1	 0	 0	 0
ly	e	 17.35	 0	 1	 4	 0	 0	 1	 0	 0	 0	 0	 1	 0	 0	 1
ly	a	 17.71	 0	 1	 5	 0	 0	 1	 0	 0	 0	 0	 1	 0	 0	 1
ly	k	 5.32	 0	 1	 2	 1	 1	 0	 0	 0	 1	 0	 1	 0	 0	 0
ly	r	 3.42	 0	 1	 1	 0	 1	 0	 0	 0	 0	 0	 1	 0	 0	 0
ly	d	 4.09	 0	 1	 2	 1	 1	 0	 0	 0	 0	 0	 1	 0	 0	 0
ly	g	 4.09	 0	 1	 2	 1	 1	 0	 0	 0	 0	 0	 1	 0	 0	 0
ly	f	 5.01	 0	 1	 2	 0	 1	 0	 0	 0	 1	 0	 1	 0	 0	 0
ly	ng	 5.01	 0	 1	 1	 1	 1	 0	 0	 0	 0	 1	 1	 0	 0	 0
ly	O	 17.35	 0	 1	 4	 0	 0	 1	 0	 0	 0	 0	 1	 0	 0	 1
ly	z	 5.56	 0	 1	 2	 0	 1	 0	 1	 0	 0	 0	 1	 0	 0	 0
ly	ly	 0	 0	 0	 0	 0	 0	 0	 0	 0	 0	 0	 0	 0	 0	 0
ly	ch	 7.1	 0	 1	 2	 1	 1	 0	 1	 0	 1	 0	 1	 0	 0	 0
ly	dzh	 5.87	 0	 1	 2	 1	 1	 0	 1	 0	 0	 0	 1	 0	 0	 0
ly	zh	 5.56	 0	 1	 2	 0	 1	 0	 1	 0	 0	 0	 1	 0	 0	 0
ly	sh	 6.79	 0	 1	 2	 0	 1	 0	 1	 0	 1	 0	 1	 0	 0	 0
ch	GAP	 45.43	 1	 0	 0	 0	 0	 0	 0	 0	 0	 0	 0	 0	 0	 0
ch	u	 20.1	 0	 1	 5	 0	 0	 1	 1	 0	 1	 0	 0	 0	 0	 1
ch	l	 7.1	 0	 1	 2	 1	 1	 0	 1	 0	 1	 0	 1	 0	 0	 0
ch	t	 4.22	 0	 1	 0	 0	 1	 0	 1	 0	 0	 0	 0	 0	 0	 0
ch	i	 20.1	 0	 1	 5	 0	 0	 1	 1	 0	 1	 0	 0	 0	 0	 1
ch	m	 7.09	 0	 1	 1	 0	 1	 0	 1	 0	 1	 1	 0	 0	 0	 0
ch	s	 2.75	 0	 1	 0	 1	 1	 0	 0	 0	 0	 0	 0	 0	 0	 0
ch	^	 20.46	 0	 1	 6	 0	 0	 1	 1	 0	 1	 0	 0	 0	 0	 1
ch	b	 5.45	 0	 1	 0	 0	 1	 0	 1	 0	 1	 0	 0	 0	 0	 0
ch	o	 20.46	 0	 1	 6	 0	 0	 1	 1	 0	 1	 0	 0	 0	 0	 1
ch	n	 7.09	 0	 1	 1	 0	 1	 0	 1	 0	 1	 1	 0	 0	 0	 0
ch	p	 4.22	 0	 1	 0	 0	 1	 0	 1	 0	 0	 0	 0	 0	 0	 0
ch	e	 20.46	 0	 1	 6	 0	 0	 1	 1	 0	 1	 0	 0	 0	 0	 1
ch	a	 20.82	 0	 1	 7	 0	 0	 1	 1	 0	 1	 0	 0	 0	 0	 1
ch	k	 4.22	 0	 1	 0	 0	 1	 0	 1	 0	 0	 0	 0	 0	 0	 0
ch	r	 6.84	 0	 1	 3	 1	 1	 0	 1	 0	 1	 0	 0	 0	 0	 0
ch	d	 5.45	 0	 1	 0	 0	 1	 0	 1	 0	 1	 0	 0	 0	 0	 0
ch	g	 5.45	 0	 1	 0	 0	 1	 0	 1	 0	 1	 0	 0	 0	 0	 0
ch	f	 4.53	 0	 1	 0	 1	 1	 0	 1	 0	 0	 0	 0	 0	 0	 0
ch	ng	 7.09	 0	 1	 1	 0	 1	 0	 1	 0	 1	 1	 0	 0	 0	 0
ch	O	 20.46	 0	 1	 6	 0	 0	 1	 1	 0	 1	 0	 0	 0	 0	 1
ch	z	 3.98	 0	 1	 0	 1	 1	 0	 0	 0	 1	 0	 0	 0	 0	 0
ch	ly	 7.1	 0	 1	 2	 1	 1	 0	 1	 0	 1	 0	 1	 0	 0	 0
ch	ch	 0	 0	 0	 0	 0	 0	 0	 0	 0	 0	 0	 0	 0	 0	 0
ch	dzh	 3.4	 0	 1	 0	 0	 0	 0	 0	 0	 1	 0	 0	 0	 0	 0
ch	zh	 3.71	 0	 1	 0	 1	 0	 0	 0	 0	 1	 0	 0	 0	 0	 0
ch	sh	 2.48	 0	 1	 0	 1	 0	 0	 0	 0	 0	 0	 0	 0	 0	 0
dzh	GAP	 45.43	 1	 0	 0	 0	 0	 0	 0	 0	 0	 0	 0	 0	 0	 0
dzh	u	 18.87	 0	 1	 5	 0	 0	 1	 1	 0	 0	 0	 0	 0	 0	 1
dzh	l	 5.87	 0	 1	 2	 1	 1	 0	 1	 0	 0	 0	 1	 0	 0	 0
dzh	t	 5.45	 0	 1	 0	 0	 1	 0	 1	 0	 1	 0	 0	 0	 0	 0
dzh	i	 18.87	 0	 1	 5	 0	 0	 1	 1	 0	 0	 0	 0	 0	 0	 1
dzh	m	 5.86	 0	 1	 1	 0	 1	 0	 1	 0	 0	 1	 0	 0	 0	 0
dzh	s	 3.98	 0	 1	 0	 1	 1	 0	 0	 0	 1	 0	 0	 0	 0	 0
dzh	^	 19.23	 0	 1	 6	 0	 0	 1	 1	 0	 0	 0	 0	 0	 0	 1
dzh	b	 4.22	 0	 1	 0	 0	 1	 0	 1	 0	 0	 0	 0	 0	 0	 0
dzh	o	 19.23	 0	 1	 6	 0	 0	 1	 1	 0	 0	 0	 0	 0	 0	 1
dzh	n	 5.86	 0	 1	 1	 0	 1	 0	 1	 0	 0	 1	 0	 0	 0	 0
dzh	p	 5.45	 0	 1	 0	 0	 1	 0	 1	 0	 1	 0	 0	 0	 0	 0
dzh	e	 19.23	 0	 1	 6	 0	 0	 1	 1	 0	 0	 0	 0	 0	 0	 1
dzh	a	 19.59	 0	 1	 7	 0	 0	 1	 1	 0	 0	 0	 0	 0	 0	 1
dzh	k	 5.45	 0	 1	 0	 0	 1	 0	 1	 0	 1	 0	 0	 0	 0	 0
dzh	r	 5.61	 0	 1	 3	 1	 1	 0	 1	 0	 0	 0	 0	 0	 0	 0
dzh	d	 4.22	 0	 1	 0	 0	 1	 0	 1	 0	 0	 0	 0	 0	 0	 0
dzh	g	 4.22	 0	 1	 0	 0	 1	 0	 1	 0	 0	 0	 0	 0	 0	 0
dzh	f	 5.76	 0	 1	 0	 1	 1	 0	 1	 0	 1	 0	 0	 0	 0	 0
dzh	ng	 5.86	 0	 1	 1	 0	 1	 0	 1	 0	 0	 1	 0	 0	 0	 0
dzh	O	 19.23	 0	 1	 6	 0	 0	 1	 1	 0	 0	 0	 0	 0	 0	 1
dzh	z	 2.75	 0	 1	 0	 1	 1	 0	 0	 0	 0	 0	 0	 0	 0	 0
dzh	ly	 5.87	 0	 1	 2	 1	 1	 0	 1	 0	 0	 0	 1	 0	 0	 0
dzh	ch	 3.4	 0	 1	 0	 0	 0	 0	 0	 0	 1	 0	 0	 0	 0	 0
dzh	dzh	 0	 0	 0	 0	 0	 0	 0	 0	 0	 0	 0	 0	 0	 0	 0
dzh	zh	 2.48	 0	 1	 0	 1	 0	 0	 0	 0	 0	 0	 0	 0	 0	 0
dzh	sh	 3.71	 0	 1	 0	 1	 0	 0	 0	 0	 1	 0	 0	 0	 0	 0
zh	GAP	 45.43	 1	 0	 0	 0	 0	 0	 0	 0	 0	 0	 0	 0	 0	 0
zh	u	 18.87	 0	 1	 5	 0	 0	 1	 1	 0	 0	 0	 0	 0	 0	 1
zh	l	 5.56	 0	 1	 2	 0	 1	 0	 1	 0	 0	 0	 1	 0	 0	 0
zh	t	 5.76	 0	 1	 0	 1	 1	 0	 1	 0	 1	 0	 0	 0	 0	 0
zh	i	 18.87	 0	 1	 5	 0	 0	 1	 1	 0	 0	 0	 0	 0	 0	 1
zh	m	 6.17	 0	 1	 1	 1	 1	 0	 1	 0	 0	 1	 0	 0	 0	 0
zh	s	 3.67	 0	 1	 0	 0	 1	 0	 0	 0	 1	 0	 0	 0	 0	 0
zh	^	 19.23	 0	 1	 6	 0	 0	 1	 1	 0	 0	 0	 0	 0	 0	 1
zh	b	 4.53	 0	 1	 0	 1	 1	 0	 1	 0	 0	 0	 0	 0	 0	 0
zh	o	 19.23	 0	 1	 6	 0	 0	 1	 1	 0	 0	 0	 0	 0	 0	 1
zh	n	 6.17	 0	 1	 1	 1	 1	 0	 1	 0	 0	 1	 0	 0	 0	 0
zh	p	 5.76	 0	 1	 0	 1	 1	 0	 1	 0	 1	 0	 0	 0	 0	 0
zh	e	 19.23	 0	 1	 6	 0	 0	 1	 1	 0	 0	 0	 0	 0	 0	 1
zh	a	 19.59	 0	 1	 7	 0	 0	 1	 1	 0	 0	 0	 0	 0	 0	 1
zh	k	 5.76	 0	 1	 0	 1	 1	 0	 1	 0	 1	 0	 0	 0	 0	 0
zh	r	 5.3	 0	 1	 3	 0	 1	 0	 1	 0	 0	 0	 0	 0	 0	 0
zh	d	 4.53	 0	 1	 0	 1	 1	 0	 1	 0	 0	 0	 0	 0	 0	 0
zh	g	 4.53	 0	 1	 0	 1	 1	 0	 1	 0	 0	 0	 0	 0	 0	 0
zh	f	 5.45	 0	 1	 0	 0	 1	 0	 1	 0	 1	 0	 0	 0	 0	 0
zh	ng	 6.17	 0	 1	 1	 1	 1	 0	 1	 0	 0	 1	 0	 0	 0	 0
zh	O	 19.23	 0	 1	 6	 0	 0	 1	 1	 0	 0	 0	 0	 0	 0	 1
zh	z	 2.44	 0	 1	 0	 0	 1	 0	 0	 0	 0	 0	 0	 0	 0	 0
zh	ly	 5.56	 0	 1	 2	 0	 1	 0	 1	 0	 0	 0	 1	 0	 0	 0
zh	ch	 3.71	 0	 1	 0	 1	 0	 0	 0	 0	 1	 0	 0	 0	 0	 0
zh	dzh	 2.48	 0	 1	 0	 1	 0	 0	 0	 0	 0	 0	 0	 0	 0	 0
zh	zh	 0	 0	 0	 0	 0	 0	 0	 0	 0	 0	 0	 0	 0	 0	 0
zh	sh	 3.4	 0	 1	 0	 0	 0	 0	 0	 0	 1	 0	 0	 0	 0	 0
sh	GAP	 45.43	 1	 0	 0	 0	 0	 0	 0	 0	 0	 0	 0	 0	 0	 0
sh	u	 20.1	 0	 1	 5	 0	 0	 1	 1	 0	 1	 0	 0	 0	 0	 1
sh	l	 6.79	 0	 1	 2	 0	 1	 0	 1	 0	 1	 0	 1	 0	 0	 0
sh	t	 4.53	 0	 1	 0	 1	 1	 0	 1	 0	 0	 0	 0	 0	 0	 0
sh	i	 20.1	 0	 1	 5	 0	 0	 1	 1	 0	 1	 0	 0	 0	 0	 1
sh	m	 7.4	 0	 1	 1	 1	 1	 0	 1	 0	 1	 1	 0	 0	 0	 0
sh	s	 2.44	 0	 1	 0	 0	 1	 0	 0	 0	 0	 0	 0	 0	 0	 0
sh	^	 20.46	 0	 1	 6	 0	 0	 1	 1	 0	 1	 0	 0	 0	 0	 1
sh	b	 5.76	 0	 1	 0	 1	 1	 0	 1	 0	 1	 0	 0	 0	 0	 0
sh	o	 20.46	 0	 1	 6	 0	 0	 1	 1	 0	 1	 0	 0	 0	 0	 1
sh	n	 7.4	 0	 1	 1	 1	 1	 0	 1	 0	 1	 1	 0	 0	 0	 0
sh	p	 4.53	 0	 1	 0	 1	 1	 0	 1	 0	 0	 0	 0	 0	 0	 0
sh	e	 20.46	 0	 1	 6	 0	 0	 1	 1	 0	 1	 0	 0	 0	 0	 1
sh	a	 20.82	 0	 1	 7	 0	 0	 1	 1	 0	 1	 0	 0	 0	 0	 1
sh	k	 4.53	 0	 1	 0	 1	 1	 0	 1	 0	 0	 0	 0	 0	 0	 0
sh	r	 6.53	 0	 1	 3	 0	 1	 0	 1	 0	 1	 0	 0	 0	 0	 0
sh	d	 5.76	 0	 1	 0	 1	 1	 0	 1	 0	 1	 0	 0	 0	 0	 0
sh	g	 5.76	 0	 1	 0	 1	 1	 0	 1	 0	 1	 0	 0	 0	 0	 0
sh	f	 4.22	 0	 1	 0	 0	 1	 0	 1	 0	 0	 0	 0	 0	 0	 0
sh	ng	 7.4	 0	 1	 1	 1	 1	 0	 1	 0	 1	 1	 0	 0	 0	 0
sh	O	 20.46	 0	 1	 6	 0	 0	 1	 1	 0	 1	 0	 0	 0	 0	 1
sh	z	 3.67	 0	 1	 0	 0	 1	 0	 0	 0	 1	 0	 0	 0	 0	 0
sh	ly	 6.79	 0	 1	 2	 0	 1	 0	 1	 0	 1	 0	 1	 0	 0	 0
sh	ch	 2.48	 0	 1	 0	 1	 0	 0	 0	 0	 0	 0	 0	 0	 0	 0
sh	dzh	 3.71	 0	 1	 0	 1	 0	 0	 0	 0	 1	 0	 0	 0	 0	 0
sh	zh	 3.4	 0	 1	 0	 0	 0	 0	 0	 0	 1	 0	 0	 0	 0	 0
sh	sh	 0	 0	 0	 0	 0	 0	 0	 0	 0	 0	 0	 0	 0	 0	 0
